#CCDPOSITION
CRPIXMODE:AUTO      #
CCDPOS0_X:   4244.08#
CCDPOS0_Y:   1950.85#
CCDPOS0_T:-4.581e-04#    
CCDPOS1_X:   2122.23#
CCDPOS1_Y:   1951.08#
CCDPOS1_T:-5.698e-05#
CCDPOS2_X: -0.397141#
CCDPOS2_Y:    1952.2#
CCDPOS2_T: 1.939e-04#
CCDPOS3_X:   4244.25#
CCDPOS3_Y:  -2300.91#
CCDPOS3_T: 1.089e-04#     
CCDPOS4_X:   2127.14#
CCDPOS4_Y:  -2299.50#
CCDPOS4_T:-1.097e-04#
CCDPOS5_X:  -1.85548#
CCDPOS5_Y:  -2305.33#
CCDPOS5_T:-1.687e-04#
CCDPOS6_X:  -4246.37#
CCDPOS6_Y:   1950.83#
CCDPOS6_T: 5.853e-05#
CCDPOS7_X:  -2123.38#
CCDPOS7_Y:   1951.88#
CCDPOS7_T: 3.330e-04#
CCDPOS8_X:  -4243.74#
CCDPOS8_Y:  -2300.17#
CCDPOS8_T: 1.888e-04#
CCDPOS9_X:  -2122.47#
CCDPOS9_Y:  -2299.87#
CCDPOS9_T: 1.291e-04#  
