CRPIXMODE: AUTO #AUTO for AUTO MODE, MANUAL for MANUAL MODE
CCDPMODE: 0       #1=DETERMINING CCD POSITION
NCCD: 10         #NUMBER of CCD for analysis
LSIPORDER: 3
SIPORDER: 5
PSIPORDER: 7
CLIPSIGMA: 3.0
CHECKFILE: 1               #1=out put fitting check file
SCIGPS000_X: -5279.232400
SCIGPS000_Y:     9.661300
SCIGPS000_T:	 0.000000
SCIGPS001_X: -3150.307400
SCIGPS001_Y:	10.107300
SCIGPS001_T:	 0.000000
SCIGPS002_X: -1020.924400
SCIGPS002_Y: -4106.178700
SCIGPS002_T:     0.000000
SCIGPS003_X:  1106.101600
SCIGPS003_Y: -4108.039700
SCIGPS003_T:	 0.000000
SCIGPS004_X:  1096.156600
SCIGPS004_Y:	15.276300
SCIGPS004_T:	 0.000000
SCIGPS005_X: -1025.551400
SCIGPS005_Y:	 9.527300
SCIGPS005_T:	 0.000000
SCIGPS006_X: -5271.953400
SCIGPS006_Y: -4112.075700
SCIGPS006_T:	 0.000000
SCIGPS007_X: -3146.599400
SCIGPS007_Y: -4110.284700
SCIGPS007_T:	 0.000000
SCIGPS008_X:  3228.703600
SCIGPS008_Y: -4103.295700
SCIGPS008_T:	 0.000000
SCIGPS009_X:  3223.606600
SCIGPS009_Y:	15.302300
SCIGPS009_T:	 0.000000
