ORDER    :             9#
CRPIX1   :  00000.000000#
CRPIX2   :  00000.000000#
SS_0_0   : -5.609591e-05#
SS_0_1   : +4.508188e-09#
SS_1_0   : -4.146136e-09#
SS_1_1   : +5.609867e-05#
A_0_0    : -3.555718e-06#
B_0_0    : -2.683907e-06#
A_0_1    : +1.355253e-20#
B_0_1    : +0.000000e+00#
A_0_2    : +2.291423e-09#
B_0_2    : +2.834919e-07#
A_0_3    : +1.484540e-11#
B_0_3    : -4.961850e-10#
A_0_4    : +3.588365e-17#
B_0_4    : -2.444728e-15#
A_0_5    : -4.765588e-19#
B_0_5    : +2.507811e-18#
A_1_0    : -1.110223e-16#
B_1_0    : +0.000000e+00#
A_1_1    : +1.788794e-07#
B_1_1    : -2.440460e-08#
A_1_2    : -4.875023e-10#
B_1_2    : +3.443943e-12#
A_1_3    : -2.191007e-15#
B_1_3    : +5.997186e-16#
A_1_4    : +2.285038e-18#
B_1_4    : -1.456247e-19#
A_2_0    : -2.843656e-08#
B_2_0    : +7.326374e-08#
A_2_1    : +2.679700e-12#
B_2_1    : -4.920165e-10#
A_2_2    : -3.061289e-16#
B_2_2    : -2.549080e-15#
A_2_3    : +5.948025e-20#
B_2_3    : +4.143028e-18#
A_3_0    : -4.878941e-10#
B_3_0    : +5.230228e-13#
A_3_1    : -8.561473e-16#
B_3_1    : +1.134383e-16#
A_3_2    : +4.300397e-18#
B_3_2    : -1.787040e-20#
A_4_0    : +3.954376e-16#
B_4_0    : +1.458780e-16#
A_4_1    : -7.047759e-20#
B_4_1    : +2.415179e-18#
A_5_0    : +2.131838e-18#
B_5_0    : -3.145757e-20#
A_0_6    : 0.00000000000#
B_0_6    : 0.00000000000#
A_0_7    : 0.00000000000#
B_0_7    : 0.00000000000#
A_0_8    : 0.00000000000#
B_0_8    : 0.00000000000#
A_0_9    : 0.00000000000#
B_0_9    : 0.00000000000#
A_1_5    : 0.00000000000#
B_1_5    : 0.00000000000#
A_1_6    : 0.00000000000#
B_1_6    : 0.00000000000#
A_1_7    : 0.00000000000#
B_1_7    : 0.00000000000#
A_1_8    : 0.00000000000#
B_1_8    : 0.00000000000#
A_2_4    : 0.00000000000#
B_2_4    : 0.00000000000#
A_2_5    : 0.00000000000#
B_2_5    : 0.00000000000#
A_2_6    : 0.00000000000#
B_2_6    : 0.00000000000#
A_2_7    : 0.00000000000#
B_2_7    : 0.00000000000#
A_3_3    : 0.00000000000#
B_3_3    : 0.00000000000#
A_3_4    : 0.00000000000#
B_3_4    : 0.00000000000#
A_3_5    : 0.00000000000#
B_3_5    : 0.00000000000#
A_3_6    : 0.00000000000#
B_3_6    : 0.00000000000#
A_4_2    : 0.00000000000#
B_4_2    : 0.00000000000#
A_4_3    : 0.00000000000#
B_4_3    : 0.00000000000#
A_4_4    : 0.00000000000#
B_4_4    : 0.00000000000#
A_4_5    : 0.00000000000#
B_4_5    : 0.00000000000#
A_5_1    : 0.00000000000#
B_5_1    : 0.00000000000#
A_5_2    : 0.00000000000#
B_5_2    : 0.00000000000#
A_5_3    : 0.00000000000#
B_5_3    : 0.00000000000#
A_5_4    : 0.00000000000#
B_5_4    : 0.00000000000#
A_6_0    : 0.00000000000#
B_6_0    : 0.00000000000#
A_6_1    : 0.00000000000#
B_6_1    : 0.00000000000#
A_6_2    : 0.00000000000#
B_6_2    : 0.00000000000#
A_6_3    : 0.00000000000#
B_6_3    : 0.00000000000#
A_7_0    : 0.00000000000#
B_7_0    : 0.00000000000#
A_7_1    : 0.00000000000#
B_7_1    : 0.00000000000#
A_7_2    : 0.00000000000#
B_7_2    : 0.00000000000#
A_8_0    : 0.00000000000#
B_8_0    : 0.00000000000#
A_8_1    : 0.00000000000#
B_8_1    : 0.00000000000#
A_9_0    : 0.00000000000#
B_9_0    : 0.00000000000#

