CCD000_X :  3219.571#
CCD000_Y :   -96.655#
CCD000_T : 0.0000873#
CCD001_X :  1098.050#
CCD001_Y :   -97.034#
CCD001_T : 0.0002162#
CCD002_X : -1024.000#
CCD002_Y :   -96.000#
CCD002_T : 0.0003682#
CCD003_X :  3220.776#
CCD003_Y : -4349.008#
CCD003_T : 0.0003675#
CCD004_X :  1102.603#
CCD004_Y : -4347.471#
CCD004_T : 0.0000109#
CCD005_X : -1026.588#
CCD005_Y : -4353.060#
CCD005_T :-0.0001224#
CCD006_X : -5269.874#
CCD006_Y :   -97.932#
CCD006_T : 0.0004770#
CCD007_X : -3146.905#
CCD007_Y :   -96.444#
CCD007_T : 0.0003981#
CCD008_X : -5268.466#
CCD008_Y : -4347.786#
CCD008_T :-0.0000482#
CCD009_X : -3146.466#
CCD009_Y : -4347.941#
CCD009_T : 0.0002609#
